(0,0,0,0,0,0,0,0,0,0,0,0,0,0)	92168
(0,0,0,0,0,0,0,0,0,0,0,0,1,0)	127
(0,0,0,0,0,0,0,0,0,0,0,1,0,0)	15
(0,0,0,0,0,0,0,0,0,0,0,1,1,1)	78
(0,0,0,0,0,0,0,0,0,0,1,0,0,0)	61
(0,0,0,0,0,0,0,0,0,1,0,0,0,0)	8396
(0,0,0,0,0,0,0,0,0,1,0,0,1,0)	457
(0,0,0,0,0,0,0,0,0,1,0,0,1,1)	217
(0,0,0,0,0,0,0,0,0,1,0,1,0,1)	33
(0,0,0,0,0,0,0,0,0,1,0,1,1,0)	114
(0,0,0,0,0,0,0,0,0,1,0,1,1,1)	205
(0,0,0,0,0,0,0,0,0,1,1,0,0,0)	2048
(0,0,0,0,0,0,0,0,1,0,0,0,0,0)	440
(0,0,0,0,0,0,0,1,0,0,0,0,0,0)	16
(0,0,0,0,0,0,0,1,0,1,0,0,0,0)	23
(0,0,0,0,0,0,0,1,0,1,1,0,0,0)	374
(0,0,0,0,0,0,0,1,1,0,0,0,0,0)	1203
(0,0,0,0,0,0,0,1,1,1,1,0,0,0)	101
(0,0,0,0,0,0,1,0,0,0,0,0,0,0)	1599
(0,0,0,0,0,0,1,0,0,0,0,0,0,1)	981
(0,0,0,0,0,0,1,0,0,0,1,0,0,0)	49
(0,0,0,0,0,0,1,0,0,1,0,0,0,0)	158
(0,0,0,0,0,0,1,1,0,0,0,0,0,0)	4089
(0,0,0,0,0,0,1,1,0,0,1,0,0,0)	375
(0,0,0,0,0,0,1,1,0,1,0,0,0,0)	435
(0,0,0,0,0,0,1,1,0,1,1,0,0,0)	20
(0,0,0,0,0,0,1,1,1,0,0,0,0,0)	4363
(0,0,0,0,0,0,1,1,1,1,0,0,0,0)	864
(0,0,0,0,0,0,1,1,1,1,1,0,0,0)	57
(0,0,0,0,0,1,0,0,0,0,0,0,0,0)	3351
(0,0,0,0,0,1,0,0,0,1,0,0,0,0)	580
(0,0,0,0,0,1,0,0,0,1,0,1,1,0)	8
(0,0,0,0,0,1,0,0,0,1,1,0,0,0)	177
(0,0,0,0,0,1,1,0,0,0,0,0,0,0)	66
(0,0,0,0,0,1,1,1,0,0,0,0,0,0)	30
(0,0,0,0,0,1,1,1,0,1,0,0,0,0)	37
(0,0,0,0,0,1,1,1,0,1,1,0,0,0)	537
(0,0,0,0,0,1,1,1,0,1,1,1,1,0)	338
(0,0,0,0,0,1,1,1,1,0,0,0,0,0)	1
(0,0,0,0,1,0,0,0,0,0,0,0,0,0)	132
(0,0,0,0,1,0,0,0,0,0,1,0,0,0)	178
(0,0,0,0,1,0,0,0,0,1,0,0,0,0)	657
(0,0,0,0,1,0,0,0,0,1,1,0,0,0)	423
(0,0,0,0,1,0,0,0,0,1,1,0,1,0)	7
(0,0,0,0,1,0,0,0,0,1,1,1,1,0)	81
(0,0,0,0,1,0,0,1,0,1,1,0,0,0)	70
(0,0,0,0,1,0,1,1,0,0,0,0,0,0)	352
(0,0,0,0,1,0,1,1,0,1,0,0,1,1)	30
(0,0,0,0,1,1,0,0,0,1,0,0,0,0)	219
(0,0,0,0,1,1,0,0,0,1,1,0,0,0)	397
(0,0,0,1,0,0,0,0,0,0,0,0,0,0)	4057
(0,0,0,1,0,0,0,0,0,0,0,0,0,1)	240
(0,0,0,1,0,0,0,0,0,0,0,0,1,1)	170
(0,0,0,1,0,0,0,0,0,0,0,1,0,0)	82
(0,0,0,1,0,0,0,0,0,0,0,1,0,1)	6
(0,0,0,1,0,0,0,0,0,0,0,1,1,1)	191
(0,0,0,1,0,0,0,0,0,0,1,0,0,0)	60
(0,0,0,1,0,0,0,0,0,1,0,0,0,0)	2311
(0,0,0,1,0,0,0,0,0,1,0,0,0,1)	430
(0,0,0,1,0,0,0,0,0,1,0,0,1,0)	724
(0,0,0,1,0,0,0,0,0,1,0,0,1,1)	365
(0,0,0,1,0,0,0,0,0,1,0,1,1,0)	256
(0,0,0,1,0,0,0,0,0,1,0,1,1,1)	57
(0,0,0,1,0,0,0,0,0,1,1,0,0,0)	1545
(0,0,0,1,0,0,0,0,0,1,1,0,0,1)	3
(0,0,0,1,0,0,0,0,0,1,1,1,1,1)	194
(0,0,0,1,0,0,0,0,1,1,1,0,0,0)	1
(0,0,0,1,0,0,0,1,0,0,0,0,0,0)	34
(0,0,0,1,0,0,0,1,0,1,1,0,0,0)	5
(0,0,0,1,0,0,1,0,0,0,0,0,0,0)	1341
(0,0,0,1,0,0,1,0,0,0,0,0,0,1)	102
(0,0,0,1,0,0,1,0,0,0,1,0,1,1)	175
(0,0,0,1,0,0,1,0,0,1,0,0,0,0)	821
(0,0,0,1,0,0,1,0,0,1,0,0,0,1)	47
(0,0,0,1,0,0,1,0,0,1,0,0,1,0)	7
(0,0,0,1,0,0,1,0,0,1,0,0,1,1)	62
(0,0,0,1,0,0,1,0,0,1,1,0,0,0)	28
(0,0,0,1,0,0,1,0,0,1,1,0,0,1)	174
(0,0,0,1,0,0,1,0,0,1,1,0,1,0)	304
(0,0,0,1,0,0,1,0,1,0,0,0,0,0)	1228
(0,0,0,1,0,0,1,1,0,0,0,0,0,0)	5862
(0,0,0,1,0,0,1,1,0,0,0,0,0,1)	37
(0,0,0,1,0,0,1,1,0,1,0,0,0,0)	1130
(0,0,0,1,0,0,1,1,0,1,0,0,0,1)	834
(0,0,0,1,0,0,1,1,0,1,0,0,1,1)	445
(0,0,0,1,0,0,1,1,0,1,0,1,1,1)	27
(0,0,0,1,0,0,1,1,0,1,1,1,1,0)	122
(0,0,0,1,0,0,1,1,1,0,0,0,0,0)	1271
(0,0,0,1,0,0,1,1,1,0,0,0,0,1)	40
(0,0,0,1,0,0,1,1,1,0,0,0,1,1)	218
(0,0,0,1,0,0,1,1,1,0,1,0,0,0)	1677
(0,0,0,1,0,0,1,1,1,1,0,0,0,0)	813
(0,0,0,1,0,0,1,1,1,1,0,0,0,1)	28
(0,0,0,1,0,0,1,1,1,1,0,0,1,1)	694
(0,0,0,1,0,0,1,1,1,1,1,0,0,0)	37
(0,0,0,1,0,0,1,1,1,1,1,1,1,1)	95
(0,0,0,1,0,1,0,0,0,0,0,0,0,0)	3868
(0,0,0,1,0,1,0,0,0,0,0,0,0,1)	11
(0,0,0,1,0,1,0,0,0,0,0,0,1,0)	4982
(0,0,0,1,0,1,0,0,0,0,0,0,1,1)	1228
(0,0,0,1,0,1,0,0,0,0,0,1,1,1)	200
(0,0,0,1,0,1,0,0,0,1,0,0,0,0)	215
(0,0,0,1,0,1,0,0,0,1,0,0,1,1)	927
(0,0,0,1,0,1,0,0,0,1,0,1,1,1)	2705
(0,0,0,1,0,1,0,1,0,0,0,0,0,0)	203
(0,0,0,1,0,1,1,0,0,0,0,0,0,0)	230
(0,0,0,1,0,1,1,0,0,1,0,0,0,1)	30
(0,0,0,1,0,1,1,0,0,1,0,0,1,0)	23
(0,0,0,1,0,1,1,1,0,0,0,0,0,0)	149
(0,0,0,1,0,1,1,1,1,0,0,0,0,0)	608
(0,0,0,1,1,0,0,0,0,0,0,1,1,0)	306
(0,0,0,1,1,0,0,0,0,1,0,0,0,0)	1324
(0,0,0,1,1,0,0,0,0,1,0,0,1,0)	33
(0,0,0,1,1,0,0,0,0,1,0,0,1,1)	62
(0,0,0,1,1,0,0,0,0,1,1,0,0,0)	1943
(0,0,0,1,1,0,0,0,0,1,1,0,0,1)	48
(0,0,0,1,1,0,0,0,0,1,1,0,1,1)	15
(0,0,0,1,1,0,0,1,1,1,0,0,1,1)	165
(0,0,0,1,1,0,1,0,0,0,0,0,0,0)	9
(0,0,0,1,1,0,1,0,0,1,0,0,0,0)	35
(0,0,0,1,1,0,1,0,0,1,0,0,1,1)	162
(0,0,0,1,1,0,1,0,0,1,0,1,1,1)	142
(0,0,0,1,1,0,1,0,0,1,1,0,0,0)	2
(0,0,0,1,1,0,1,0,0,1,1,0,1,0)	26
(0,0,0,1,1,0,1,0,0,1,1,0,1,1)	124
(0,0,0,1,1,0,1,0,0,1,1,1,1,0)	823
(0,0,0,1,1,0,1,1,0,1,0,0,0,0)	291
(0,0,0,1,1,0,1,1,0,1,1,0,1,1)	246
(0,0,0,1,1,0,1,1,1,0,1,0,0,0)	154
(0,0,0,1,1,0,1,1,1,1,0,0,0,0)	133
(0,0,0,1,1,0,1,1,1,1,0,0,1,1)	152
(0,0,0,1,1,0,1,1,1,1,1,0,0,0)	75
(0,0,0,1,1,1,0,0,0,0,0,0,0,0)	79
(0,0,0,1,1,1,0,0,0,0,0,0,1,1)	67
(0,0,0,1,1,1,0,0,0,1,1,0,0,0)	418
(0,0,0,1,1,1,0,0,0,1,1,0,1,1)	3741
(0,0,0,1,1,1,0,0,0,1,1,1,1,1)	89
(0,0,0,1,1,1,0,1,0,1,1,0,0,0)	237
(0,0,0,1,1,1,1,0,0,0,0,0,0,1)	494
(0,0,0,1,1,1,1,0,0,1,1,1,1,1)	415
(0,0,1,0,0,0,0,0,0,0,0,0,0,0)	11594
(0,0,1,0,0,0,0,0,0,0,0,0,1,0)	32
(0,0,1,0,0,0,0,0,0,0,0,1,0,0)	113
(0,0,1,0,0,0,0,0,0,0,0,1,1,0)	4444
(0,0,1,0,0,0,0,0,0,0,0,1,1,1)	1211
(0,0,1,0,0,0,0,0,0,1,0,0,0,0)	117
(0,0,1,0,0,0,0,0,0,1,0,0,1,0)	113
(0,0,1,0,0,0,0,0,0,1,0,1,0,0)	6
(0,0,1,0,0,0,0,0,0,1,0,1,1,0)	106
(0,0,1,0,0,0,0,0,0,1,0,1,1,1)	3
(0,0,1,0,0,0,0,0,0,1,1,0,1,0)	126
(0,0,1,0,0,0,0,0,0,1,1,1,0,0)	34
(0,0,1,0,0,0,1,0,0,0,0,0,0,0)	49
(0,0,1,0,0,0,1,0,0,0,1,0,0,1)	69
(0,0,1,0,0,0,1,1,0,1,1,0,0,0)	33
(0,0,1,0,0,1,0,0,0,0,0,0,0,0)	142
(0,0,1,0,0,1,0,0,0,0,0,1,1,0)	371
(0,0,1,0,0,1,0,0,0,1,0,0,1,0)	74
(0,0,1,0,0,1,0,0,0,1,0,1,1,1)	180
(0,0,1,0,1,0,0,0,0,0,0,0,0,0)	5
(0,0,1,0,1,0,0,0,0,1,0,1,0,0)	231
(0,0,1,0,1,0,0,0,0,1,1,1,1,0)	20
(0,0,1,0,1,1,0,0,0,1,0,0,0,0)	49
(0,0,1,1,0,0,0,0,0,0,0,0,0,0)	14
(0,0,1,1,0,0,0,0,0,0,0,0,0,1)	189
(0,0,1,1,0,0,0,0,0,0,0,1,0,0)	20
(0,0,1,1,0,0,0,0,0,0,0,1,0,1)	289
(0,0,1,1,0,0,0,0,0,0,0,1,1,1)	55
(0,0,1,1,0,0,0,0,0,1,0,0,0,0)	56
(0,0,1,1,0,0,0,0,0,1,0,0,0,1)	720
(0,0,1,1,0,0,0,0,0,1,0,0,1,0)	382
(0,0,1,1,0,0,0,0,0,1,0,0,1,1)	402
(0,0,1,1,0,0,0,0,0,1,0,1,0,0)	80
(0,0,1,1,0,0,0,0,0,1,0,1,0,1)	7
(0,0,1,1,0,0,0,0,0,1,0,1,1,0)	174
(0,0,1,1,0,0,0,0,0,1,0,1,1,1)	761
(0,0,1,1,0,0,0,0,0,1,1,0,0,0)	18
(0,0,1,1,0,0,0,0,0,1,1,0,1,0)	505
(0,0,1,1,0,0,0,0,0,1,1,0,1,1)	297
(0,0,1,1,0,0,0,0,0,1,1,1,1,0)	3
(0,0,1,1,0,0,0,1,0,1,0,0,0,0)	117
(0,0,1,1,0,0,1,0,0,0,0,0,0,0)	6
(0,0,1,1,0,0,1,0,0,0,0,1,0,1)	4
(0,0,1,1,0,0,1,0,0,0,0,1,1,1)	118
(0,0,1,1,0,0,1,0,0,1,0,0,1,0)	182
(0,0,1,1,0,0,1,0,0,1,0,1,1,0)	5
(0,0,1,1,0,0,1,0,0,1,1,1,1,1)	54
(0,0,1,1,0,0,1,1,0,0,0,0,1,1)	2
(0,0,1,1,0,0,1,1,0,1,0,1,1,1)	11
(0,0,1,1,0,1,0,0,0,0,0,0,0,0)	149
(0,0,1,1,0,1,0,0,0,0,0,1,1,1)	36
(0,0,1,1,0,1,0,0,0,1,0,1,0,0)	62
(0,0,1,1,0,1,0,0,0,1,0,1,1,1)	323
(0,0,1,1,0,1,0,0,0,1,1,1,1,1)	1492
(0,0,1,1,0,1,1,0,0,0,0,0,1,0)	633
(0,0,1,1,0,1,1,0,0,1,0,1,0,0)	16
(0,0,1,1,1,0,0,0,0,1,0,0,0,0)	52
(0,0,1,1,1,0,0,0,0,1,0,0,1,1)	49
(0,0,1,1,1,0,0,0,0,1,0,1,1,0)	474
(0,0,1,1,1,0,0,0,0,1,0,1,1,1)	2279
(0,0,1,1,1,0,0,0,0,1,1,0,0,0)	167
(0,0,1,1,1,0,0,0,0,1,1,0,1,0)	1025
(0,0,1,1,1,0,0,0,0,1,1,1,1,1)	423
(0,0,1,1,1,0,1,0,0,0,0,1,1,1)	1
(0,0,1,1,1,0,1,0,0,1,0,0,0,0)	32
(0,0,1,1,1,0,1,0,0,1,0,0,1,1)	203
(0,0,1,1,1,0,1,0,0,1,1,1,0,0)	11
(0,0,1,1,1,0,1,0,0,1,1,1,1,1)	148
(0,0,1,1,1,0,1,1,0,0,0,1,1,1)	805
(0,0,1,1,1,0,1,1,0,1,1,0,1,0)	58
(0,0,1,1,1,0,1,1,0,1,1,1,1,1)	259
(0,0,1,1,1,0,1,1,1,1,1,0,1,0)	8
(0,0,1,1,1,1,0,0,0,0,0,0,0,0)	272
(0,0,1,1,1,1,0,0,0,0,0,0,1,0)	3
(0,0,1,1,1,1,0,0,0,0,0,1,1,1)	167
(0,0,1,1,1,1,0,0,0,1,0,0,0,0)	7
(0,0,1,1,1,1,0,0,0,1,0,0,1,1)	17
(0,0,1,1,1,1,0,0,0,1,0,1,1,1)	883
(0,0,1,1,1,1,0,0,0,1,1,0,1,1)	119
(0,0,1,1,1,1,0,0,0,1,1,1,1,1)	4
(0,0,1,1,1,1,1,0,0,1,1,1,1,0)	500
(0,0,1,1,1,1,1,1,0,1,1,1,1,1)	14
(0,1,0,0,0,0,0,0,0,0,0,0,0,0)	10889
(0,1,0,0,0,0,0,0,0,1,0,1,1,0)	32
(0,1,0,0,0,0,0,0,0,1,0,1,1,1)	1130
(0,1,0,0,0,0,1,0,0,0,0,0,0,0)	3
(0,1,0,0,0,1,0,0,0,0,0,0,0,0)	60552
(0,1,0,0,1,0,0,0,0,0,0,0,0,0)	55
(0,1,0,0,1,0,0,0,0,1,0,0,1,0)	52
(0,1,0,1,0,0,0,0,0,0,0,1,1,0)	24
(0,1,0,1,0,0,0,0,0,0,0,1,1,1)	43
(0,1,0,1,0,0,0,0,0,1,0,1,1,0)	130
(0,1,0,1,0,0,0,0,0,1,0,1,1,1)	115
(0,1,0,1,0,0,1,0,0,1,0,1,1,1)	174
(0,1,0,1,1,0,0,0,0,1,1,1,1,1)	438
(0,1,0,1,1,0,1,0,0,1,0,1,1,1)	247
(0,1,1,0,0,0,0,0,0,0,0,0,0,0)	40663
(0,1,1,0,0,0,0,0,0,0,0,1,0,0)	171
(0,1,1,0,0,0,0,0,0,0,0,1,1,0)	58
(0,1,1,0,0,0,0,0,0,1,0,0,0,0)	168
(0,1,1,0,0,0,0,0,0,1,0,1,1,0)	1
(0,1,1,0,0,0,0,0,0,1,1,0,1,0)	182
(0,1,1,0,0,0,0,1,0,1,0,0,0,0)	2
(0,1,1,0,0,0,1,0,0,0,0,0,0,0)	21
(0,1,1,0,0,1,0,0,0,0,0,0,0,0)	3907
(0,1,1,0,0,1,0,0,0,1,0,1,1,0)	8305
(0,1,1,0,1,0,0,0,0,0,0,0,0,0)	5
(0,1,1,0,1,0,0,0,0,0,0,1,0,0)	2
(0,1,1,0,1,0,0,0,0,1,0,0,0,0)	11
(0,1,1,0,1,1,0,0,0,0,0,0,0,0)	57860
(0,1,1,0,1,1,0,0,0,0,0,1,1,0)	1190
(0,1,1,0,1,1,0,0,0,1,0,0,0,0)	1
(0,1,1,0,1,1,1,1,0,1,0,1,1,0)	706
(0,1,1,1,0,0,0,0,0,0,0,0,0,0)	53
(0,1,1,1,0,0,0,0,0,0,0,0,1,1)	13
(0,1,1,1,0,0,0,0,0,0,0,1,0,1)	107
(0,1,1,1,0,0,0,0,0,0,0,1,1,0)	84
(0,1,1,1,0,0,0,0,0,0,0,1,1,1)	26
(0,1,1,1,0,0,0,0,0,1,0,0,0,0)	1019
(0,1,1,1,0,0,0,0,0,1,0,0,0,1)	96
(0,1,1,1,0,0,0,0,0,1,0,0,1,1)	353
(0,1,1,1,0,0,0,0,0,1,0,1,0,1)	706
(0,1,1,1,0,0,0,0,0,1,0,1,1,0)	67
(0,1,1,1,0,0,0,0,0,1,0,1,1,1)	2493
(0,1,1,1,0,0,1,0,0,0,0,0,0,0)	9
(0,1,1,1,0,0,1,0,0,1,0,0,0,0)	530
(0,1,1,1,0,0,1,0,0,1,0,1,1,1)	48
(0,1,1,1,0,0,1,0,0,1,1,1,1,1)	4
(0,1,1,1,0,0,1,1,1,0,0,0,0,0)	114
(0,1,1,1,0,1,0,0,0,0,0,1,1,1)	467
(0,1,1,1,0,1,0,0,0,1,0,0,0,0)	5276
(0,1,1,1,0,1,0,0,0,1,0,1,1,0)	137
(0,1,1,1,0,1,0,0,0,1,0,1,1,1)	171
(0,1,1,1,0,1,1,0,0,0,0,1,1,1)	1336
(0,1,1,1,0,1,1,0,0,1,0,0,1,0)	1447
(0,1,1,1,0,1,1,1,0,0,0,0,0,0)	287
(0,1,1,1,0,1,1,1,0,1,1,0,0,0)	1195
(0,1,1,1,0,1,1,1,0,1,1,0,1,1)	99
(0,1,1,1,0,1,1,1,0,1,1,1,1,1)	824
(0,1,1,1,1,0,0,0,0,0,0,1,1,1)	193
(0,1,1,1,1,0,0,0,0,1,0,0,0,0)	1128
(0,1,1,1,1,0,0,0,0,1,0,1,1,0)	87
(0,1,1,1,1,0,0,0,0,1,0,1,1,1)	356
(0,1,1,1,1,0,0,0,0,1,1,0,1,0)	69
(0,1,1,1,1,0,0,0,0,1,1,1,1,1)	184
(0,1,1,1,1,0,1,0,0,1,0,0,1,1)	196
(0,1,1,1,1,0,1,0,0,1,0,1,1,1)	333
(0,1,1,1,1,0,1,0,0,1,1,0,1,0)	14
(0,1,1,1,1,0,1,1,0,1,1,0,1,0)	35
(0,1,1,1,1,1,0,0,0,0,0,1,1,1)	637
(0,1,1,1,1,1,0,0,0,1,0,0,1,1)	15
(0,1,1,1,1,1,0,0,0,1,0,1,1,1)	40
(0,1,1,1,1,1,0,0,0,1,1,0,1,1)	547
(0,1,1,1,1,1,0,0,0,1,1,1,1,1)	194
(0,1,1,1,1,1,1,1,0,1,0,1,1,1)	18
(0,1,1,1,1,1,1,1,0,1,1,1,1,1)	212
(1,0,0,0,0,0,0,0,0,0,0,0,0,0)	581511
(1,0,0,0,0,0,0,0,0,0,0,1,0,0)	1229
(1,0,0,0,0,0,0,0,0,1,0,0,0,0)	501
(1,0,0,0,0,0,0,0,0,1,0,1,1,0)	4
(1,0,0,0,0,0,1,0,0,0,0,0,0,0)	1379
(1,0,0,0,0,1,0,0,0,0,0,0,0,0)	179313
(1,0,0,0,0,1,0,0,0,1,0,0,0,0)	20
(1,0,0,0,0,1,0,1,0,0,0,0,0,0)	1116
(1,0,0,0,1,0,0,0,0,0,0,0,0,0)	3
(1,0,0,0,1,0,1,1,0,0,0,0,0,0)	7438
(1,0,0,1,0,0,0,0,0,1,1,0,0,0)	1086
(1,0,0,1,0,0,1,0,0,1,0,0,0,0)	2
(1,0,0,1,0,0,1,1,0,1,0,0,0,0)	22
(1,0,1,0,0,0,0,0,0,0,0,0,0,0)	95
(1,0,1,1,0,1,0,0,0,1,0,0,1,0)	273
(1,1,0,0,0,0,0,0,0,0,0,0,0,0)	247293
(1,1,0,0,0,0,0,0,0,0,0,1,0,0)	4018
(1,1,0,0,0,0,0,0,0,0,0,1,1,0)	35
(1,1,0,0,0,0,0,0,0,1,0,0,0,0)	2162
(1,1,0,0,0,0,0,0,0,1,0,1,0,0)	28
(1,1,0,0,0,0,0,0,0,1,0,1,1,0)	45
(1,1,0,0,0,1,0,0,0,0,0,0,0,0)	38617
(1,1,0,0,0,1,0,0,0,1,0,0,0,0)	185213
(1,1,0,0,1,0,0,0,0,0,0,0,0,0)	15
(1,1,0,1,0,0,0,0,0,0,0,0,0,0)	144
(1,1,0,1,0,0,0,0,0,1,0,0,0,0)	948
(1,1,0,1,0,0,0,0,0,1,0,1,1,0)	271
(1,1,0,1,0,0,1,0,0,0,0,1,0,0)	21
(1,1,0,1,0,0,1,0,0,1,0,0,0,0)	21
(1,1,0,1,0,0,1,1,0,1,0,0,0,0)	5
(1,1,0,1,0,0,1,1,1,0,0,0,0,0)	22
(1,1,0,1,1,0,1,0,0,1,0,1,1,1)	3
(1,1,1,0,0,0,0,0,0,0,0,0,0,0)	98983
(1,1,1,0,0,0,0,0,0,0,0,1,0,0)	1184
(1,1,1,0,0,0,0,0,0,0,0,1,1,1)	2359
(1,1,1,0,0,0,0,0,0,1,0,0,0,0)	619
(1,1,1,0,0,0,0,0,0,1,0,1,1,0)	14
(1,1,1,0,0,0,1,1,0,1,0,1,1,1)	365
(1,1,1,0,0,1,0,0,0,0,0,0,0,0)	56736
(1,1,1,0,0,1,0,0,0,0,0,1,1,0)	16079
(1,1,1,0,0,1,0,0,0,1,0,0,0,0)	78882
(1,1,1,0,0,1,0,0,0,1,0,0,1,0)	52
(1,1,1,0,0,1,0,0,0,1,0,1,1,0)	135
(1,1,1,0,0,1,0,1,0,0,0,0,0,0)	2
(1,1,1,0,1,0,0,0,0,0,0,0,0,0)	275
(1,1,1,0,1,0,0,0,0,1,1,1,1,0)	6
(1,1,1,0,1,0,1,0,0,1,0,1,1,1)	39
(1,1,1,0,1,0,1,1,0,0,0,0,0,0)	4
(1,1,1,0,1,1,0,0,0,0,0,0,0,0)	2157
(1,1,1,0,1,1,0,0,0,1,0,1,0,0)	39
(1,1,1,1,0,0,0,0,0,0,0,0,0,0)	435
(1,1,1,1,0,0,0,0,0,0,0,1,0,1)	2
(1,1,1,1,0,0,0,0,0,1,0,0,0,0)	35
(1,1,1,1,0,0,0,0,0,1,0,0,0,1)	251
(1,1,1,1,0,0,0,0,0,1,0,1,1,0)	871
(1,1,1,1,0,0,0,0,0,1,0,1,1,1)	970
(1,1,1,1,0,0,0,0,0,1,1,1,1,0)	281
(1,1,1,1,0,0,0,1,0,0,0,0,0,0)	180
(1,1,1,1,0,0,1,0,0,1,0,0,0,0)	362
(1,1,1,1,0,0,1,0,0,1,0,1,1,1)	275
(1,1,1,1,0,0,1,1,0,1,1,1,1,0)	31
(1,1,1,1,0,1,0,0,0,0,0,0,0,0)	311
(1,1,1,1,0,1,0,0,0,0,0,1,0,0)	178
(1,1,1,1,0,1,0,0,0,1,0,1,0,1)	82
(1,1,1,1,0,1,0,0,0,1,0,1,1,1)	103
(1,1,1,1,0,1,0,0,0,1,1,0,1,1)	105
(1,1,1,1,0,1,0,0,0,1,1,1,1,1)	10
(1,1,1,1,0,1,1,0,0,1,0,1,1,1)	72
(1,1,1,1,0,1,1,1,0,1,1,0,1,1)	73
(1,1,1,1,0,1,1,1,1,1,1,0,0,0)	2168
(1,1,1,1,1,0,0,0,0,0,0,1,1,1)	4
(1,1,1,1,1,0,0,0,0,1,0,0,0,0)	1
(1,1,1,1,1,0,0,0,0,1,0,1,1,1)	1
(1,1,1,1,1,0,0,0,0,1,1,1,1,0)	145
(1,1,1,1,1,0,0,0,0,1,1,1,1,1)	35
(1,1,1,1,1,1,0,0,0,0,0,0,0,0)	550
(1,1,1,1,1,1,0,0,0,0,0,1,0,0)	168
(1,1,1,1,1,1,0,0,0,0,0,1,1,1)	918
(1,1,1,1,1,1,0,0,0,1,0,1,0,0)	635
(1,1,1,1,1,1,0,0,0,1,0,1,1,0)	96
(1,1,1,1,1,1,0,0,0,1,0,1,1,1)	231
(1,1,1,1,1,1,0,0,0,1,1,0,0,0)	274
(1,1,1,1,1,1,0,0,0,1,1,1,0,0)	276
(1,1,1,1,1,1,0,0,0,1,1,1,1,1)	485
(1,1,1,1,1,1,0,1,0,1,1,1,1,0)	180
(1,1,1,1,1,1,1,0,0,1,1,1,1,1)	53
(1,1,1,1,1,1,1,1,0,1,0,1,1,1)	29
(1,1,1,1,1,1,1,1,1,1,1,0,0,0)	148
(1,1,1,1,1,1,1,1,1,1,1,1,1,1)	14
